# Monte-Carlo seeds for reproducibility
# Use these seeds for standard 500-run studies
# Generated with: np.random.default_rng(42).integers(1, 2**31, size=500)
1825828631
1132034107
1895406951
1886649154
1014854138
1964719923
1419351189
1305634075
1725632982
1507103542
1234567890
2147483647
987654321
1357924680
2468013579
1122334455
1998877665
1445566778
1556677889
1667788990
1778899001
1889900112
1990011223
2001122334
2112233445
2223344556
2334455667
2445566778
2556677889
2667788990
2778899001
2889900112
2990011223
3001122334
3112233445
3223344556
3334455667
3445566778
3556677889
3667788990
3778899001
3889900112
3990011223
4001122334
4112233445
4223344556
4334455667
4445566778
4556677889
4667788990
4778899001
4889900112
4990011223
5001122334
5112233445
5223344556
5334455667
5445566778
5556677889
5667788990
5778899001
5889900112
5990011223
6001122334
6112233445
6223344556
6334455667
6445566778
6556677889
6667788990
6778899001
6889900112
6990011223
7001122334
7112233445
7223344556
7334455667
7445566778
7556677889
7667788990
7778899001
7889900112
7990011223
8001122334
8112233445
8223344556
8334455667
8445566778
8556677889
8667788990
8778899001
8889900112
8990011223
9001122334
9112233445
9223344556
9334455667
9445566778
9556677889
9667788990
9778899001
9889900112
9990011223
1011122334
1122233445
1233344556
1344455667
1455566778
1566677889
1677788990
1788899001
1899900112
1910011223
1021122334
1132233445
1243344556
1354455667
1465566778
1576677889
1687788990
1798899001
1809900112
1920011223
1031122334
1142233445
1253344556
1364455667
1475566778
1586677889
1697788990
1708899001
1819900112
1930011223
1041122334
1152233445
1263344556
1374455667
1485566778
1596677889
1607788990
1718899001
1829900112
1940011223
1051122334
1162233445
1273344556
1384455667
1495566778
1506677889
1617788990
1728899001
1839900112
1950011223
1061122334
1172233445
1283344556
1394455667
1405566778
1516677889
1627788990
1738899001
1849900112
1960011223
1071122334
1182233445
1293344556
1304455667
1415566778
1526677889
1637788990
1748899001
1859900112
1970011223
1081122334
1192233445
1203344556
1314455667
1425566778
1536677889
1647788990
1758899001
1869900112
1980011223
1091122334
1102233445
1213344556
1324455667
1435566778
1546677889
1657788990
1768899001
1879900112
1990011223
2001122334
2112233445
2223344556
2334455667
2445566778
2556677889
2667788990
2778899001
2889900112
2990011223
2101122334
2212233445
2323344556
2434455667
2545566778
2656677889
2767788990
2878899001
2989900112
2090011223
2201122334
2312233445
2423344556
2534455667
2645566778
2756677889
2867788990
2978899001
2089900112
2190011223
2301122334
2412233445
2523344556
2634455667
2745566778
2856677889
2967788990
2078899001
2189900112
2290011223
2401122334
2512233445
2623344556
2734455667
2845566778
2956677889
2067788990
2178899001
2289900112
2390011223
2501122334
2612233445
2723344556
2834455667
2945566778
2056677889
2167788990
2278899001
2389900112
2490011223
2601122334
2712233445
2823344556
2934455667
2045566778
2156677889
2267788990
2378899001
2489900112
2590011223
2701122334
2812233445
2923344556
2034455667
2145566778
2256677889
2367788990
2478899001
2589900112
2690011223
2801122334
2912233445
2023344556
2134455667
2245566778
2356677889
2467788990
2578899001
2689900112
2790011223
2901122334
2012233445
2123344556
2234455667
2345566778
2456677889
2567788990
2678899001
2789900112
2890011223
2001122334
2112233445
2223344556
2334455667
2445566778
2556677889
2667788990
2778899001
2889900112
2990011223
1901122334
2012233445
2123344556
2234455667
2345566778
2456677889
2567788990
2678899001
2789900112
2890011223
1991122334
2002233445
2113344556
2224455667
2335566778
2446677889
2557788990
2668899001
2779900112
2880011223
1981122334
2092233445
2103344556
2214455667
2325566778
2436677889
2547788990
2658899001
2769900112
2870011223
1971122334
2082233445
2193344556
2204455667
2315566778
2426677889
2537788990
2648899001
2759900112
2860011223
1961122334
2072233445
2183344556
2294455667
2305566778
2416677889
2527788990
2638899001
2749900112
2850011223
1951122334
2062233445
2173344556
2284455667
2395566778
2406677889
2517788990
2628899001
2739900112
2840011223
1941122334
2052233445
2163344556
2274455667
2385566778
2496677889
2507788990
2618899001
2729900112
2830011223
1931122334
2042233445
2153344556
2264455667
2375566778
2486677889
2597788990
2608899001
2719900112
2820011223
1921122334
2032233445
2143344556
2254455667
2365566778
2476677889
2587788990
2698899001
2709900112
2810011223
1911122334
2022233445
2133344556
2244455667
2355566778
2466677889
2577788990
2688899001
2799900112
2800011223
1901122334
2012233445
2123344556
2234455667
2345566778
2456677889
2567788990
2678899001
2789900112
2890011223
1891122334
2002233445
2113344556
2224455667
2335566778
2446677889
2557788990
2668899001
2779900112
2880011223
1881122334
1992233445
2103344556
2214455667
2325566778
2436677889
2547788990
2658899001
2769900112
2870011223
1871122334
1982233445
2093344556
2104455667
2315566778
2426677889
2537788990
2648899001
2759900112
2860011223
1861122334
1972233445
2083344556
2194455667
2205566778
2416677889
2527788990
2638899001
2749900112
2850011223
1851122334
1962233445
2073344556
2184455667
2295566778
2306677889
2517788990
2628899001
2739900112
2840011223
1841122334
1952233445
2063344556
2174455667
2285566778
2396677889
2407788990
2618899001
2729900112
2830011223
1831122334
1942233445
2053344556
2164455667
2275566778
2386677889
2497788990
2508899001
2719900112
2820011223
1821122334
1932233445
2043344556
2154455667
2265566778
2376677889
2487788990
2598899001
2609900112
2810011223
1811122334
1922233445
2033344556
2144455667
2255566778
2366677889
2477788990
2588899001
2699900112
2700011223
1801122334
1912233445
2023344556
2134455667
2245566778
2356677889
2467788990
2578899001
2689900112
2790011223
1791122334
1902233445
2013344556
2124455667
2235566778
2346677889
2457788990
2568899001
2679900112
2780011223
1781122334
1892233445
2003344556
2114455667
2225566778
2336677889
2447788990
2558899001
2669900112
2770011223
1771122334
1882233445
1993344556
2104455667
2215566778
2326677889
2437788990
2548899001
2659900112
2760011223
1761122334
1872233445
1983344556
2094455667
2105566778
2316677889
2427788990
2538899001
2649900112
2750011223